205	60	1
82	106	1
333	144	1
329	16	1
116	16	1
41	137	1
313	27	1
170	119	1
43	54	1
317	106	1
304	68	1
263	42	1
139	102	1
289	9	1
29	100	1
108	127	1
194	95	1
248	38	1
129	106	1
271	50	1
317	126	1
36	106	1
239	138	1
160	101	1
108	138	1
224	127	1
262	17	1
308	94	1
104	65	1
287	127	1
213	13	1
171	68	1
326	153	1
9	153	1
278	35	1
10	54	1
153	30	1
139	138	1
326	94	1
197	50	1
250	139	1
295	100	1
38	131	1
289	58	1
15	106	1
306	125	1
231	127	1
68	9	1
9	24	1
201	72	1
4	34	1
184	100	1
231	84	1
239	54	1
257	65	1
104	66	1
276	127	1
50	111	1
119	11	1
276	137	1
1	100	1
143	140	1
174	139	1
74	133	1
87	130	1
304	94	1
167	113	1
148	86	1
127	139	1
203	78	1
120	50	1
0	27	1
238	100	1
214	10	1
96	127	1
203	86	1
231	131	1
250	1	1
315	52	1
216	111	1
153	139	1
141	11	1
8	68	1
326	151	1
226	44	1
51	138	1
109	54	1
242	111	1
220	75	1
68	54	1
88	50	1
18	27	1
50	150	1
161	78	1
166	31	1
263	60	1
44	139	1
6	88	1
64	11	1
248	61	1
179	97	1
45	100	1
324	52	1
171	27	1
117	100	1
248	62	1
292	50	1
115	150	1
263	5	1
62	139	1
8	31	1
263	137	1
49	100	1
214	39	1
107	127	1
184	60	1
289	88	1
193	50	1
16	16	1
5	10	1
201	140	1
253	11	1
31	100	1
48	100	1
236	16	1
194	31	1
31	139	1
231	140	1
287	37	1
74	108	1
190	148	1
103	144	1
326	131	1
18	140	1
208	100	1
19	115	1
45	126	1
3	100	1
240	42	1
226	151	1
156	84	1
247	86	1
40	111	1
227	78	1
45	140	1
104	143	1
213	122	1
128	85	1
171	108	1
220	138	1
98	50	1
224	107	1
171	111	1
193	137	1
90	49	1
153	106	1
123	137	1
326	155	1
77	137	1
123	127	1
178	78	1
38	27	1
42	137	1
205	54	1
308	31	1
207	140	1
15	94	1
11	50	1
15	152	1
16	102	1
230	87	1
260	54	1
41	54	1
129	126	1
96	27	1
216	86	1
233	88	1
123	86	1
329	140	1
180	127	1
11	24	1
21	54	1
91	138	1
15	122	1
329	94	1
54	31	1
51	39	1
230	48	1
330	2	1
246	41	1
156	50	1
229	139	1
24	123	1
96	1	1
129	140	1
316	54	1
33	100	1
264	50	1
178	19	1
160	122	1
129	151	1
63	10	1
18	125	1
15	46	1
129	133	1
180	87	1
35	151	1
144	64	1
230	112	1
300	44	1
24	84	1
21	78	1
0	94	1
130	16	1
54	93	1
302	100	1
180	11	1
104	100	1
326	140	1
155	86	1
160	140	1
46	9	1
231	52	1
39	63	1
64	84	1
9	39	1
96	140	1
14	127	1
231	137	1
185	54	1
333	84	1
128	147	1
120	140	1
187	100	1
16	84	1
148	138	1
141	138	1
140	116	1
97	138	1
171	86	1
42	138	1
51	27	1
129	54	1
263	140	1
241	139	1
74	140	1
222	94	1
81	54	1
206	127	1
324	103	1
321	139	1
205	152	1
232	27	1
54	77	1
294	63	1
216	140	1
250	125	1
289	140	1
129	148	1
122	84	1
205	122	1
122	111	1
78	90	1
22	84	1
278	154	1
115	29	1
50	137	1
226	39	1
233	100	1
261	100	1
180	60	1
129	84	1
80	10	1
297	9	1
150	118	1
213	109	1
183	100	1
153	51	1
140	68	1
129	53	1
226	83	1
172	39	1
218	100	1
75	151	1
248	115	1
0	138	1
288	106	1
134	50	1
132	16	1
86	50	1
308	130	1
42	131	1
140	78	1
50	11	1
207	84	1
242	29	1
109	84	1
150	10	1
115	45	1
31	50	1
103	66	1
140	131	1
168	137	1
15	68	1
1	66	1
216	84	1
209	16	1
60	50	1
88	63	1
210	100	1
24	100	1
9	130	1
239	11	1
172	127	1
41	94	1
74	78	1
30	50	1
156	94	1
38	140	1
289	139	1
211	138	1
324	107	1
51	127	1
154	50	1
153	140	1
40	140	1
167	139	1
324	16	1
324	80	1
230	75	1
316	100	1
58	127	1
324	19	1
242	34	1
160	112	1
96	46	1
127	86	1
319	126	1
328	100	1
50	34	1
115	106	1
249	100	1
8	1	1
250	84	1
311	138	1
23	86	1
96	6	1
78	68	1
93	138	1
54	54	1
179	153	1
214	122	1
268	94	1
128	11	1
235	61	1
233	139	1
98	86	1
299	138	1
11	138	1
216	125	1
310	100	1
164	118	1
58	140	1
314	50	1
226	113	1
325	139	1
125	138	1
45	107	1
140	50	1
294	16	1
24	91	1
0	125	1
197	16	1
23	100	1
180	2	1
205	1	1
72	46	1
123	66	1
129	127	1
124	10	1
179	10	1
308	60	1
294	152	1
290	109	1
26	50	1
124	133	1
103	100	1
152	10	1
289	31	1
38	54	1
141	140	1
235	54	1
103	67	1
242	84	1
224	140	1
248	30	1
321	127	1
250	68	1
174	137	1
27	3	1
319	152	1
137	100	1
220	44	1
45	118	1
244	16	1
333	94	1
4	127	1
311	50	1
171	140	1
102	122	1
38	66	1
49	141	1
324	68	1
108	86	1
243	107	1
194	126	1
230	54	1
143	54	1
214	16	1
255	127	1
22	98	1
16	27	1
171	84	1
108	2	1
239	2	1
333	127	1
1	27	1
235	152	1
254	50	1
321	94	1
229	11	1
49	50	1
45	139	1
194	142	1
203	137	1
130	50	1
156	137	1
125	16	1
236	54	1
140	52	1
276	151	1
45	50	1
194	139	1
171	127	1
222	139	1
38	100	1
102	127	1
42	68	1
7	127	1
221	127	1
222	46	1
191	55	1
177	100	1
252	54	1
54	56	1
329	121	1
288	54	1
315	27	1
148	41	1
209	72	1
241	86	1
329	125	1
235	72	1
225	127	1
87	140	1
228	121	1
0	86	1
38	115	1
194	140	1
103	106	1
44	10	1
1	65	1
329	54	1
93	27	1
124	100	1
110	100	1
171	36	1
140	148	1
233	102	1
230	104	1
267	98	1
326	107	1
8	52	1
315	107	1
75	27	1
237	110	1
21	93	1
142	100	1
248	54	1
59	70	1
172	138	1
135	27	1
164	140	1
113	54	1
154	100	1
172	133	1
10	138	1
90	86	1
263	122	1
295	50	1
276	139	1
169	50	1
26	16	1
99	50	1
297	80	1
242	140	1
303	16	1
45	86	1
22	100	1
39	16	1
55	100	1
95	127	1
4	50	1
248	153	1
167	89	1
87	84	1
31	152	1
66	100	1
185	127	1
235	123	1
91	50	1
310	140	1
243	27	1
32	50	1
247	127	1
156	86	1
294	116	1
251	138	1
74	110	1
250	138	1
18	84	1
237	140	1
104	60	1
16	140	1
129	143	1
147	100	1
19	50	1
205	143	1
139	100	1
222	141	1
263	84	1
4	151	1
124	27	1
248	128	1
193	100	1
139	85	1
233	138	1
72	27	1
62	140	1
171	144	1
39	50	1
269	50	1
216	42	1
140	133	1
44	130	1
0	68	1
50	127	1
131	86	1
98	137	1
171	138	1
315	140	1
154	72	1
108	85	1
312	100	1
289	12	1
25	100	1
179	54	1
50	131	1
160	86	1
62	18	1
317	100	1
260	100	1
221	137	1
125	10	1
16	127	1
194	100	1
96	138	1
141	86	1
174	127	1
38	152	1
119	100	1
118	54	1
50	52	1
252	41	1
185	36	1
93	94	1
300	80	1
76	100	1
329	116	1
140	124	1
41	110	1
92	31	1
80	138	1
143	139	1
77	140	1
77	139	1
75	115	1
316	139	1
235	153	1
96	106	1
54	127	1
160	60	1
258	19	1
147	31	1
218	139	1
231	0	1
326	35	1
288	27	1
211	27	1
171	54	1
83	80	1
194	86	1
191	132	1
184	54	1
39	100	1
64	60	1
115	12	1
218	88	1
121	140	1
233	94	1
202	100	1
194	137	1
324	134	1
103	133	1
38	50	1
93	127	1
20	139	1
198	153	1
171	52	1
332	90	1
145	24	1
179	106	1
181	86	1
236	100	1
8	53	1
165	54	1
330	127	1
233	2	1
223	54	1
63	153	1
70	74	1
74	54	1
329	50	1
122	127	1
180	100	1
315	130	1
242	125	1
139	6	1
54	86	1
231	152	1
315	94	1
9	27	1
78	54	1
324	133	1
207	5	1
100	100	1
158	100	1
181	137	1
231	139	1
169	16	1
141	27	1
103	110	1
150	139	1
251	119	1
205	131	1
262	102	1
37	137	1
201	95	1
289	25	1
155	127	1
46	80	1
240	140	1
44	117	1
156	100	1
12	50	1
45	11	1
178	80	1
293	27	1
115	116	1
16	54	1
258	138	1
127	137	1
178	120	1
161	100	1
185	118	1
54	100	1
248	122	1
171	113	1
124	138	1
149	143	1
323	100	1
153	50	1
8	138	1
253	140	1
44	151	1
27	117	1
293	113	1
12	140	1
144	140	1
90	8	1
290	50	1
74	100	1
140	107	1
224	130	1
245	100	1
4	111	1
200	100	1
45	54	1
54	73	1
9	89	1
73	100	1
246	146	1
125	39	1
231	88	1
194	50	1
248	50	1
319	142	1
315	122	1
81	66	1
92	107	1
44	3	1
230	140	1
289	100	1
324	62	1
131	84	1
85	50	1
149	86	1
59	11	1
122	34	1
122	52	1
115	52	1
8	131	1
239	140	1
119	4	1
329	83	1
153	11	1
159	100	1
128	84	1
139	106	1
1	21	1
289	20	1
5	148	1
241	127	1
115	148	1
191	43	1
129	94	1
308	68	1
0	140	1
49	140	1
220	129	1
5	153	1
59	53	1
306	54	1
140	143	1
199	50	1
161	137	1
293	54	1
109	140	1
49	152	1
257	66	1
250	100	1
66	139	1
50	130	1
289	94	1
143	118	1
214	89	1
72	138	1
75	127	1
291	100	1
83	9	1
141	122	1
248	113	1
70	71	1
147	140	1
4	106	1
135	122	1
9	122	1
23	140	1
282	50	1
294	130	1
180	54	1
96	133	1
150	84	1
184	116	1
1	54	1
22	59	1
240	84	1
122	50	1
229	84	1
80	140	1
59	2	1
242	131	1
150	140	1
309	140	1
293	76	1
246	84	1
128	100	1
164	66	1
223	138	1
205	148	1
293	68	1
115	131	1
50	50	1
307	27	1
182	54	1
148	100	1
92	139	1
294	54	1
90	6	1
40	34	1
110	16	1
153	100	1
67	100	1
120	126	1
315	127	1
266	100	1
246	100	1
15	138	1
108	137	1
185	63	1
319	138	1
247	137	1
132	50	1
186	100	1
319	86	1
242	52	1
152	140	1
319	68	1
134	16	1
313	16	1
167	151	1
164	86	1
24	130	1
224	94	1
115	127	1
226	33	1
133	86	1
214	138	1
240	127	1
296	50	1
322	127	1
104	84	1
233	21	1
129	86	1
5	2	1
174	88	1
140	100	1
162	16	1
313	138	1
2	50	1
171	99	1
179	130	1
267	59	1
6	54	1
4	140	1
104	115	1
207	146	1
139	54	1
214	54	1
108	11	1
77	84	1
184	78	1
115	34	1
31	86	1
289	80	1
223	50	1
258	10	1
63	89	1
50	32	1
135	138	1
86	138	1
308	19	1
324	148	1
153	54	1
133	137	1
240	111	1
33	50	1
50	125	1
294	27	1
4	94	1
329	127	1
115	1	1
7	140	1
294	100	1
156	140	1
15	84	1
108	50	1
185	5	1
220	87	1
179	24	1
202	68	1
233	82	1
141	10	1
207	2	1
81	86	1
90	131	1
96	139	1
333	62	1
17	50	1
227	140	1
128	4	1
313	39	1
115	94	1
149	139	1
139	122	1
108	23	1
265	127	1
168	138	1
11	10	1
64	94	1
263	34	1
38	142	1
321	5	1
9	113	1
240	100	1
276	100	1
250	10	1
45	130	1
171	38	1
52	100	1
289	78	1
171	150	1
248	138	1
4	42	1
181	138	1
171	32	1
135	75	1
115	136	1
132	11	1
214	28	1
66	1	1
103	95	1
39	140	1
335	100	1
86	130	1
221	66	1
263	111	1
246	127	1
115	144	1
257	100	1
24	54	1
42	60	1
235	50	1
135	39	1
176	100	1
171	137	1
316	50	1
66	88	1
242	150	1
53	137	1
179	27	1
184	52	1
122	42	1
50	116	1
281	54	1
248	28	1
329	86	1
151	100	1
104	139	1
219	100	1
217	16	1
119	141	1
108	115	1
4	137	1
254	100	1
269	140	1
108	140	1
81	78	1
214	68	1
9	151	1
113	100	1
194	41	1
99	16	1
313	61	1
116	130	1
224	138	1
150	66	1
165	100	1
293	138	1
289	54	1
145	50	1
42	127	1
141	65	1
86	54	1
167	100	1
317	54	1
54	139	1
4	133	1
157	16	1
150	137	1
15	54	1
103	127	1
32	100	1
93	62	1
170	16	1
104	138	1
154	127	1
247	139	1
40	139	1
250	60	1
243	60	1
213	138	1
171	122	1
207	30	1
9	76	1
41	16	1
115	31	1
195	127	1
62	28	1
230	97	1
226	122	1
23	139	1
329	100	1
331	130	1
226	145	1
180	138	1
93	86	1
248	31	1
22	140	1
267	140	1
294	86	1
38	86	1
163	50	1
178	112	1
9	77	1
277	86	1
68	80	1
74	52	1
307	50	1
281	78	1
239	27	1
50	54	1
58	100	1
222	100	1
222	142	1
53	139	1
125	130	1
251	115	1
15	90	1
182	86	1
58	138	1
228	115	1
239	137	1
160	114	1
240	34	1
236	94	1
37	24	1
127	54	1
333	140	1
205	52	1
86	127	1
49	63	1
121	100	1
51	10	1
43	140	1
74	66	1
144	151	1
5	52	1
281	9	1
139	137	1
226	124	1
233	1	1
54	50	1
88	16	1
10	84	1
148	16	1
314	140	1
96	38	1
231	86	1
24	127	1
59	50	1
160	138	1
228	47	1
201	50	1
221	100	1
244	127	1
50	138	1
49	127	1
205	95	1
180	50	1
171	50	1
7	139	1
59	54	1
106	100	1
42	139	1
180	140	1
54	57	1
121	127	1
273	100	1
185	78	1
40	84	1
241	95	1
104	50	1
225	84	1
23	41	1
129	142	1
9	127	1
221	142	1
72	143	1
140	54	1
167	24	1
123	100	1
180	94	1
121	138	1
43	122	1
50	30	1
30	138	1
54	83	1
68	78	1
237	52	1
74	1	1
211	122	1
221	86	1
44	83	1
267	100	1
174	86	1
50	29	1
119	85	1
91	122	1
178	9	1
250	94	1
69	50	1
15	140	1
263	101	1
90	84	1
248	16	1
104	68	1
254	16	1
262	37	1
216	137	1
331	27	1
168	50	1
94	88	1
188	100	1
171	131	1
263	138	1
289	143	1
239	10	1
85	100	1
231	125	1
70	141	1
74	148	1
138	50	1
143	86	1
135	89	1
326	100	1
233	130	1
42	143	1
167	10	1
261	106	1
0	2	1
8	86	1
221	126	1
77	131	1
15	92	1
41	50	1
190	100	1
289	148	1
34	127	1
330	37	1
149	137	1
155	100	1
287	2	1
124	151	1
38	84	1
299	122	1
333	100	1
24	94	1
315	138	1
179	151	1
250	122	1
152	54	1
171	125	1
248	26	1
150	127	1
173	139	1
112	15	1
320	127	1
329	115	1
88	54	1
104	131	1
63	130	1
120	54	1
18	52	1
108	54	1
87	138	1
11	39	1
38	52	1
88	81	1
72	16	1
31	72	1
56	50	1
38	68	1
15	16	1
294	50	1
103	1	1
220	97	1
164	100	1
45	137	1
283	127	1
97	135	1
103	137	1
50	84	1
45	94	1
108	60	1
161	86	1
129	100	1
311	153	1
150	5	1
259	100	1
51	16	1
299	50	1
262	11	1
171	106	1
193	126	1
138	100	1
238	54	1
248	114	1
213	115	1
196	100	1
143	102	1
331	122	1
131	27	1
128	38	1
41	10	1
289	131	1
41	84	1
94	139	1
251	122	1
162	106	1
242	32	1
333	131	1
198	27	1
66	65	1
122	152	1
246	2	1
41	30	1
331	50	1
268	84	1
115	125	1
308	127	1
168	68	1
99	127	1
143	144	1
115	140	1
0	60	1
74	138	1
49	34	1
50	10	1
277	137	1
326	60	1
116	122	1
305	127	1
8	137	1
267	84	1
56	78	1
50	140	1
207	11	1
143	1	1
329	106	1
39	127	1
115	32	1
90	100	1
164	1	1
104	31	1
44	24	1
8	60	1
15	67	1
181	50	1
24	50	1
152	139	1
148	39	1
259	127	1
174	143	1
160	54	1
225	100	1
181	143	1
45	127	1
329	56	1
97	22	1
272	50	1
180	106	1
324	54	1
224	27	1
146	100	1
220	122	1
139	105	1
8	139	1
15	79	1
226	31	1
9	10	1
128	17	1
24	61	1
62	106	1
220	104	1
275	27	1
74	122	1
37	100	1
7	84	1
256	100	1
234	100	1
240	52	1
118	94	1
227	52	1
281	147	1
24	137	1
42	84	1
80	130	1
313	109	1
96	94	1
90	137	1
165	110	1
54	17	1
8	100	1
193	138	1
246	14	1
242	142	1
103	86	1
